255 255 255 255 255 255 255 255 255 255 255 255 255 255 255 255
255 247 213 213 213 213 213 213 213 213 213 213 213 213 247 255
255 213  29  29  29  29  29  29  29  29  29  29  29  29 213 255
255 213  29  29  29  29  29  29  29  29  29  29  29  29 213 255
255 213  29  29 100 156 156 156 156 156 156 100  29  29 213 255
255 213  29  29 156 255 255 255 255 255 255 156  29  29 213 255
255 213  29  29 156 255 119 244 255 255 255 156  29  29 213 255
255 213  29  29 156 255  88 242 255 255 255 156  29  29 213 255
255 213  29  29 156 255  88 242 255 255 255 156  29  29 213 255
255 213  29  29 156 255 119 244 255 255 255 156  29  29 213 255
255 213  29  29 156 255 255 255 255 255 255 156  29  29 213 255
255 213  29  29 100 156 156 156 156 156 156 100  29  29 213 255
255 213  29  29  29  29  29  29  29  29  29  29  29  29 213 255
255 213  29  29  29  29  29  29  29  29  29  29  29  29 213 255
255 247 213 213 213 213 213 213 213 213 213 213 213 213 247 255
255 255 255 255 255 255 255 255 255 255 255 255 255 255 255 255
255 255 255 255 255 255 255 255 255 255 255 255 255 255 255 255
255 247 212 212 212 212 212 212 212 212 212 212 212 212 247 255
255 212  28  28  28  28  28  28  28  28  28  28  28  28 212 255
255 212  28  28  28  28  28  28  28  28  28  28  28  28 212 255
255 212  28  28  99 155 155 155 155 155 155  99  28  28 212 255
255 212  28  28 155 254 254 254 254 254 254 155  28  28 212 255
255 212  28  28 155 254 119 244 254 254 254 155  28  28 212 255
255 212  28  28 155 254  88 241 254 254 254 155  28  28 212 255
255 212  28  28 155 254  88 241 254 254 254 155  28  28 212 255
255 212  28  28 155 254 119 244 254 254 254 155  28  28 212 255
255 212  28  28 155 254 254 254 254 254 254 155  28  28 212 255
255 212  28  28  99 155 155 155 155 155 155  99  28  28 212 255
255 212  28  28  28  28  28  28  28  28  28  28  28  28 212 255
255 212  28  28  28  28  28  28  28  28  28  28  28  28 212 255
255 247 212 212 212 212 212 212 212 212 212 212 212 212 247 255
255 255 255 255 255 255 255 255 255 255 255 255 255 255 255 255
255 255 255 255 255 255 255 255 255 255 255 255 255 255 255 255
255 252 241 241 241 241 241 241 241 241 241 241 241 241 252 255
255 241 178 178 178 178 178 178 178 178 178 178 178 178 241 255
255 241 178 178 178 178 178 178 178 178 178 178 178 178 241 255
255 241 178 178 201 220 220 220 220 220 220 201 178 178 241 255
255 241 178 178 220 252 252 252 252 252 252 220 178 178 241 255
255 241 178 178 220 252 118 242 252 252 252 220 178 178 241 255
255 241 178 178 220 252  87 239 252 252 252 220 178 178 241 255
255 241 178 178 220 252  87 239 252 252 252 220 178 178 241 255
255 241 178 178 220 252 118 242 252 252 252 220 178 178 241 255
255 241 178 178 220 252 252 252 252 252 252 220 178 178 241 255
255 241 178 178 201 220 220 220 220 220 220 201 178 178 241 255
255 241 178 178 178 178 178 178 178 178 178 178 178 178 241 255
255 241 178 178 178 178 178 178 178 178 178 178 178 178 241 255
255 252 241 241 241 241 241 241 241 241 241 241 241 241 252 255
255 255 255 255 255 255 255 255 255 255 255 255 255 255 255 255

255 255 255 255 255 255 255 255 255 255 255 255 255 255 255 255
255 247 213 213 213 213 213 213 213 213 213 213 213 213 247 255
255 213  29  29  29  29  29  29  29  29  29  29  29  29 213 255
255 213  29  29  29  29  29  29  29  29  29  29  29  29 213 255
255 213  29  29 100 156 156 156 156 156 156 100  29  29 213 255
255 213  29  29 156 255 255 255 255 255 255 156  29  29 213 255
255 213  29  29 156 255 255 255 255 255 255 156  29  29 213 255
255 213  29  29 156 255 255 255 255 255 255 156  29  29 213 255
255 213  29  29 156 255 244 242 242 244 255 156  29  29 213 255
255 213  29  29 156 255 119  88  88 119 255 156  29  29 213 255
255 213  29  29 156 255 255 255 255 255 255 156  29  29 213 255
255 213  29  29 100 156 156 156 156 156 156 100  29  29 213 255
255 213  29  29  29  29  29  29  29  29  29  29  29  29 213 255
255 213  29  29  29  29  29  29  29  29  29  29  29  29 213 255
255 247 213 213 213 213 213 213 213 213 213 213 213 213 247 255
255 255 255 255 255 255 255 255 255 255 255 255 255 255 255 255
255 255 255 255 255 255 255 255 255 255 255 255 255 255 255 255
255 247 212 212 212 212 212 212 212 212 212 212 212 212 247 255
255 212  28  28  28  28  28  28  28  28  28  28  28  28 212 255
255 212  28  28  28  28  28  28  28  28  28  28  28  28 212 255
255 212  28  28  99 155 155 155 155 155 155  99  28  28 212 255
255 212  28  28 155 254 254 254 254 254 254 155  28  28 212 255
255 212  28  28 155 254 254 254 254 254 254 155  28  28 212 255
255 212  28  28 155 254 254 254 254 254 254 155  28  28 212 255
255 212  28  28 155 254 244 241 241 244 254 155  28  28 212 255
255 212  28  28 155 254 119  88  88 119 254 155  28  28 212 255
255 212  28  28 155 254 254 254 254 254 254 155  28  28 212 255
255 212  28  28  99 155 155 155 155 155 155  99  28  28 212 255
255 212  28  28  28  28  28  28  28  28  28  28  28  28 212 255
255 212  28  28  28  28  28  28  28  28  28  28  28  28 212 255
255 247 212 212 212 212 212 212 212 212 212 212 212 212 247 255
255 255 255 255 255 255 255 255 255 255 255 255 255 255 255 255
255 255 255 255 255 255 255 255 255 255 255 255 255 255 255 255
255 252 241 241 241 241 241 241 241 241 241 241 241 241 252 255
255 241 178 178 178 178 178 178 178 178 178 178 178 178 241 255
255 241 178 178 178 178 178 178 178 178 178 178 178 178 241 255
255 241 178 178 201 220 220 220 220 220 220 201 178 178 241 255
255 241 178 178 220 252 252 252 252 252 252 220 178 178 241 255
255 241 178 178 220 252 252 252 252 252 252 220 178 178 241 255
255 241 178 178 220 252 252 252 252 252 252 220 178 178 241 255
255 241 178 178 220 252 242 239 239 242 252 220 178 178 241 255
255 241 178 178 220 252 118  87  87 118 252 220 178 178 241 255
255 241 178 178 220 252 252 252 252 252 252 220 178 178 241 255
255 241 178 178 201 220 220 220 220 220 220 201 178 178 241 255
255 241 178 178 178 178 178 178 178 178 178 178 178 178 241 255
255 241 178 178 178 178 178 178 178 178 178 178 178 178 241 255
255 252 241 241 241 241 241 241 241 241 241 241 241 241 252 255
255 255 255 255 255 255 255 255 255 255 255 255 255 255 255 255

254 252 249 249 249 249 249 249 249 249 249 249 249 249 252 254
252 201 145 145 145 145 145 145 145 145 145 145 145 145 205 252
249 145  29  29  29  29  29  29  29  29  29  29  29  29 153 250
249 145  29  29  29  29  29  29  29  29  29  29  29  29 153 250
249 145  29  29  67 115 123 123 123 123 115  67  29  29 153 250
249 145  29  29 114 215 227 225 230 226 215 113  29  29 153 250
249 145  29  29 122 193 232 197 240 178 231 120  29  29 153 250
249 145  29  29 121 184 237 194 243 161 233 120  29  29 153 250
249 145  29  29 122 185 240 193 246 160 233 120  29  29 153 250
249 145  29  29 122 193 233 196 223 160 222 120  29  29 153 250
249 145  29  29 113 214 228 226 227 225 213 112  29  29 153 250
249 145  29  29  66 112 119 119 119 119 111  65  29  29 153 250
249 145  29  29  29  29  29  29  29  29  29  29  29  29 153 250
249 145  29  29  29  29  29  29  29  29  29  29  29  29 153 250
252 205 153 153 153 153 153 153 153 153 153 153 153 153 208 252
254 252 250 250 250 250 250 250 250 250 250 250 250 250 252 254
254 252 249 249 249 249 249 249 249 249 249 249 249 249 252 254
252 201 145 145 145 145 145 145 145 145 145 145 145 145 205 252
249 145  28  28  28  28  28  28  28  28  28  28  28  28 153 250
249 145  28  28  28  28  28  28  28  28  28  28  28  28 153 250
249 145  28  28  66 114 122 122 122 122 114  66  28  28 153 250
249 145  28  28 113 214 226 224 229 225 214 112  28  28 153 250
249 145  28  28 121 192 231 196 239 177 230 119  28  28 153 250
249 145  28  28 120 182 236 192 242 160 232 119  28  28 153 250
249 145  28  28 121 184 239 191 245 161 232 119  28  28 153 250
249 145  28  28 121 192 232 194 222 161 221 119  28  28 153 250
249 145  28  28 112 213 227 225 226 224 212 111  28  28 153 250
249 145  28  28  65 111 118 118 118 118 110  64  28  28 153 250
249 145  28  28  28  28  28  28  28  28  28  28  28  28 153 250
249 145  28  28  28  28  28  28  28  28  28  28  28  28 153 250
252 205 153 153 153 153 153 153 153 153 153 153 153 153 208 252
254 252 250 250 250 250 250 250 250 250 250 250 250 250 252 254
254 254 253 253 253 253 253 253 253 253 253 253 253 253 254 254
254 236 217 217 217 217 217 217 217 217 217 217 217 217 237 254
253 217 178 178 178 178 178 178 178 178 178 178 178 178 220 253
253 217 178 178 178 178 178 178 178 178 178 178 178 178 220 253
253 217 178 178 190 205 208 208 208 208 205 190 178 178 220 253
253 217 178 178 205 238 242 241 243 241 238 204 178 178 220 253
253 217 178 178 207 230 243 231 243 184 243 207 178 178 220 253
253 217 178 178 207 226 243 229 241 160 243 207 178 178 220 253
253 217 178 178 207 227 246 231 243 159 243 207 178 178 220 253
253 217 178 178 207 230 244 231 220 159 232 207 178 178 220 253
253 217 178 178 205 238 242 242 238 236 236 204 178 178 220 253
253 217 178 178 189 204 207 207 207 207 204 189 178 178 220 253
253 217 178 178 178 178 178 178 178 178 178 178 178 178 220 253
253 217 178 178 178 178 178 178 178 178 178 178 178 178 220 253
254 237 220 220 220 220 220 220 220 220 220 220 220 220 238 254
254 254 253 253 253 253 253 253 253 253 253 253 253 253 254 254

255 253 250 250 250 250 250 250 250 250 250 250 250 250 253 255
253 205 153 153 153 153 153 153 153 153 153 153 153 153 209 253
250 145  29  29  29  29  29  29  29  29  29  29  29  29 153 250
250 145  29  29  29  29  29  29  29  29  29  29  29  29 153 250
250 145  29  29  67 113 121 121 121 121 112  66  29  29 153 250
250 145  29  29 115 216 231 233 234 223 213 112  29  29 153 250
250 145  29  29 124 227 178 161 161 161 225 120  29  29 153 250
250 145  29  29 124 230 241 244 246 223 228 120  29  29 153 250
250 145  29  29 124 225 198 194 194 197 227 120  29  29 153 250
250 145  29  29 124 227 232 237 240 233 228 120  29  29 153 250
250 145  29  29 116 215 193 184 185 194 215 112  29  29 153 250
250 145  29  29  68 115 122 122 122 122 114  66  29  29 153 250
250 145  29  29  29  29  29  29  29  29  29  29  29  29 153 250
250 145  29  29  29  29  29  29  29  29  29  29  29  29 153 250
252 201 145 145 145 145 145 145 145 145 145 145 145 145 205 253
255 252 250 250 250 250 250 250 250 250 250 250 250 250 253 255
255 253 250 250 250 250 250 250 250 250 250 250 250 250 253 255
253 205 153 153 153 153 153 153 153 153 153 153 153 153 209 253
250 145  28  28  28  28  28  28  28  28  28  28  28  28 153 250
250 145  28  28  28  28  28  28  28  28  28  28  28  28 153 250
250 145  28  28  66 112 120 120 120 120 111  65  28  28 153 250
250 145  28  28 114 215 230 232 233 222 212 111  28  28 153 250
250 145  28  28 123 226 178 161 162 161 225 119  28  28 153 250
250 145  28  28 123 229 240 243 245 223 227 119  28  28 153 250
250 145  28  28 123 224 197 192 192 195 226 119  28  28 153 250
250 145  28  28 123 226 231 236 239 232 227 119  28  28 153 250
250 145  28  28 115 214 192 183 184 193 214 111  28  28 153 250
250 145  28  28  67 114 121 121 121 121 113  65  28  28 153 250
250 145  28  28  28  28  28  28  28  28  28  28  28  28 153 250
250 145  28  28  28  28  28  28  28  28  28  28  28  28 153 250
252 201 145 145 145 145 145 145 145 145 145 145 145 145 205 253
255 252 250 250 250 250 250 250 250 250 250 250 250 250 253 255
255 254 253 253 253 253 253 253 253 253 253 253 253 253 254 255
254 237 220 220 220 220 220 220 220 220 220 220 220 220 239 254
253 217 178 178 178 178 178 178 178 178 178 178 178 178 220 253
253 217 178 178 178 178 178 178 178 178 178 178 178 178 220 253
253 217 178 178 190 205 207 207 207 207 204 189 178 178 220 253
253 217 178 178 206 239 243 243 244 233 236 204 178 178 220 253
253 217 178 178 208 242 184 160 160 160 237 207 178 178 220 253
253 217 178 178 208 244 243 241 243 221 238 207 178 178 220 253
253 217 178 178 208 242 232 229 231 232 242 207 178 178 220 253
253 217 178 178 208 242 244 243 247 244 243 207 178 178 220 253
253 217 178 178 206 238 231 226 228 231 238 205 178 178 220 253
253 217 178 178 190 205 208 208 208 208 205 190 178 178 220 253
253 217 178 178 178 178 178 178 178 178 178 178 178 178 220 253
253 217 178 178 178 178 178 178 178 178 178 178 178 178 220 253
254 236 217 217 217 217 217 217 217 217 217 217 217 217 237 254
255 254 253 253 253 253 253 253 253 253 253 253 253 253 254 255
